43
1 2 ac 1 - 1
2 3 bca 1 - 1
3 1 f 1 - 1
4 2 af 1 - 1
5 2 bc 1 - 1
6 1 c 1 - 1
7 1 b 1 - 1
8 1 a 1 - 1
9 2 ab 1 - 1
10 2 ac 1 - 1
11 6 abcdef 1 - 1
12 3 abe 1 - 1
13 5 abdef 1 - 1
14 2 bc 1 - 1
15 3 abd 1 - 1
16 1 d 1 - 1
17 3 efd 1 - 1
18 2 ad 1 - 1
19 2 ae 1 - 1
20 1 b 1 - 1
21 1 a 1 - 1
22 3 bed 1 - 1
23 3 bed 1 - 1
24 3 bac 1 - 1
25 3 bfd 1 - 1
26 2 ae 1 - 1
27 2 af 1 - 1
28 3 fed 1 - 1
29 4 abcd 1 - 1
30 5 abdef 1 - 1
31 1 c 1 - 1
32 3 abe 1 - 1
33 2 df 1 - 1
34 3 abf 1 - 1
35 3 def 1 - 1
36 2 ab 1 - 1
37 1 a 1 - 1
38 2 bd 1 - 1
39 3 deb 1 - 1
40 4 efad 1 - 1
41 1 e 1 - 1
42 2 ae 1 - 1
43 1 f 1 - 1





19
1 2 ac 3 - 2 4 5
2 1 b 4 - 1 3 5 6
3 1 f 3 - 2 6 7
4 2 af 4 - 1 5 8 9
5 2 bc 6 - 1 2 4 6 9 10
6 1 c 6 - 2 3 5 7 10 11
7 1 b 4 - 3 6 11 12
8 1 a 3 - 4 9 13
9 2 cd 6 - 4 5 8 10 13 14
10 1 b 6 - 5 6 9 11 14 15
11 3 fac 6 - 6 7 10 12 15 16
12 3 abe 3 - 7 11 16
13 5 abdef 4 - 8 9 14 17
14 2 ab 6 - 9 10 13 15 17 18
15 1 c 6 - 10 11 14 16 18 19
16 2 ce 4 - 11 12 15 19
17 2 ef 3 - 13 14 18
18 1 f 4 - 14 15 17 19
19 1 e 3 - 15 16 18