19
1 2 fd 3 - 2 4 5
2 2 be 4 - 1 3 5 6
3 3 abc 3 - 2 6 7
4 2 ac 4 - 1 5 8 9
5 1 f 6 - 1 2 4 6 9 10
6 2 ac 6 - 2 3 5 7 10 11
7 1 b 4 - 3 6 11 12
8 1 a 3 - 4 9 13
9 2 ad 6 - 4 5 8 10 13 14
10 2 be 6 - 5 6 9 11 14 15
11 2 be 6 - 6 7 10 12 15 16
12 1 a 3 - 7 11 16
13 2 ad 4 - 8 9 14 17
14 2 ac 6 - 9 10 13 15 17 18
15 2 ac 6 - 10 11 14 16 18 19
16 4 abde 4 - 11 12 15 19
17 2 ab 3 - 13 14 18
18 2 de 4 - 14 15 17 19
19 2 ae 3 - 15 16 18
19
1 2 ef 3 - 2 4 5
2 2 ec 4 - 1 3 5 6
3 2 fe 3 - 2 6 7
4 2 df 4 - 1 5 8 9
5 3 efc 6 - 1 2 4 6 9 10
6 2 ba 6 - 2 3 5 7 10 11
7 2 fc 4 - 3 6 11 12
8 2 bd 3 - 4 9 13
9 1 f 6 - 4 5 8 10 13 14
10 2 ad 6 - 5 6 9 11 14 15
11 1 a 6 - 6 7 10 12 15 16
12 1 b 3 - 7 11 16
13 2 be 4 - 8 9 14 17
14 2 ad 6 - 9 10 13 15 17 18
15 3 abd 6 - 10 11 14 16 18 19
16 1 f 4 - 11 12 15 19
17 1 f 3 - 13 14 18
18 2 df 4 - 14 15 17 19
19 3 afe 3 - 15 16 18
19
1 2 af 3 - 2 4 5
2 2 ec 4 - 1 3 5 6
3 2 fe 3 - 2 6 7
4 2 ae 4 - 1 5 8 9
5 2 bc 6 - 1 2 4 6 9 10
6 2 ca 6 - 2 3 5 7 10 11
7 1 f 4 - 3 6 11 12
8 1 c 3 - 4 9 13
9 3 fab 6 - 4 5 8 10 13 14
10 1 c 6 - 5 6 9 11 14 15
11 4 abde 6 - 6 7 10 12 15 16
12 2 ab 3 - 7 11 16
13 1 e 4 - 8 9 14 17
14 2 ab 6 - 9 10 13 15 17 18
15 2 cf 6 - 10 11 14 16 18 19
16 3 fab 4 - 11 12 15 19
17 1 f 3 - 13 14 18
18 2 cb 4 - 14 15 17 19
19 1 e 3 - 15 16 18